	                          Janeiro	Janeiro			                    Fevereiro				                Março				                   Abril				                Maio           				 	Junho			 	Julho			 	Agosto			 	Setembro			 	Outubro			 	Novembro			 	Dezembro		
Regionais / Municípios	Nova	Enviado	Em Fiscaliz.	Finalizado	Nova	Enviado	Em Fiscaliz.	Finalizado	Nova	Enviado	Em Fiscaliz.	Finalizado	Nova	Enviado	Em Fiscaliz.	Finalizado	 Nova	Enviado	Em Fiscaliz.	Finalizado	 Nova	Enviado	Em Fiscaliz.	Finalizado	 Nova	Enviado	Em Fiscaliz.	Finalizado	 Nova	Enviado	Em Fiscaliz.	Finalizado	 Nova	Enviado	Em Fiscaliz.	Finalizado	 Nova	Enviado	Em Fiscaliz.	Finalizado	 Nova	Enviado	Em Fiscaliz.	Finalizado	 Nova	Enviado	Em Fiscaliz.	Finalizado
Araranguá   																																																
Araranguá                              	0	0	0	0	0	0	0	0	0	4	0	0	0	0	0	0	0	0	0	0	0	0	0	0	0	0	0	0	0	0	0	0	0	0	0	0	0	0	0	0	0	0	0	0	0	0	0	0
Balneário Arroio do Silva      	0	2	0	0	0	1	0	0	0	2	0	0	0	1	0	0	0	3	0	0	0	0	0	0	0	0	0	0	0	0	0	1	0	0	0	0	0	2	0	0	0	1	0	1	0	0	0	0
Balneário Gaivota                 	0	0	0	0	0	0	0	0	0	0	0	0	0	0	0	0	0	0	0	0	0	0	0	0	0	0	0	0	0	0	0	0	0	0	0	0	0	0	0	0	0	0	0	0	0	0	0	0
Ermo                                      	0	0	0	0	0	0	0	0	0	0	0	0	0	0	0	0	0	0	0	0	0	0	0	0	0	0	0	0	0	0	0	0	0	0	0	0	0	0	0	0	0	0	0	0	0	0	0	0
Jacinto Machado                   	0	0	0	0	0	0	0	0	0	0	0	0	0	0	0	0	0	0	0	0	0	0	0	0	0	0	0	0	0	0	0	0	0	0	0	0	0	0	0	0	0	0	0	0	0	0	0	0
Maracajá                               	0	0	0	0	0	1	0	0	0	1	0	0	0	3	0	0	0	0	0	0	0	0	0	0	0	0	0	1	0	0	0	0	0	0	0	0	0	0	0	0	0	0	0	0	0	0	0	0
Meleiro                                 	0	0	0	0	0	0	0	0	0	0	0	0	0	0	0	0	0	0	0	0	0	0	0	0	0	0	0	0	0	0	0	0	0	0	0	1	0	0	0	0	0	0	0	0	0	0	0	0
Morro Grande                       	0	0	0	0	0	0	0	0	0	0	0	0	0	0	0	0	0	0	0	0	0	0	0	0	0	0	0	0	0	0	0	0	0	0	0	0	0	0	0	0	0	0	0	0	0	0	0	0
Passo de Torres                     	0	0	0	0	0	0	0	0	0	0	0	0	0	0	0	0	0	0	0	0	0	0	0	0	0	0	0	0	0	0	0	0	0	0	0	0	0	0	0	0	0	0	0	0	0	0	0	0
Praia Grande                         	0	0	0	0	0	0	0	0	0	0	0	0	0	0	0	0	0	0	0	0	0	0	0	0	0	0	0	0	0	0	0	0	0	0	0	0	0	1	0	0	0	0	0	0	0	0	0	0
Santa Rosa do Sul                 	0	0	0	0	0	0	0	0	0	0	0	0	0	1	0	0	0	3	0	0	0	0	0	0	0	0	0	0	0	0	0	0	0	0	0	0	0	0	0	0	0	0	0	0	0	0	0	0
São João do Sul                     	0	0	0	0	0	0	0	0	0	0	0	0	0	0	0	0	0	0	0	0	0	0	0	0	0	0	0	0	0	0	0	0	0	0	0	0	0	0	0	0	0	0	0	0	0	0	0	0
Sombrio                                	0	0	0	0	0	0	0	0	0	0	3	0	0	0	1	1	0	2	0	0	0	0	0	1	0	0	0	2	0	0	0	0	0	0	0	0	0	0	0	0	0	0	0	0	0	0	0	0
Timbé do Sul                       	0	0	0	0	0	0	0	0	0	0	0	0	0	0	0	0	0	0	0	0	0	0	0	0	0	0	0	0	0	0	0	0	0	0	0	0	0	0	0	1	0	0	0	0	0	0	0	0
Turvo                                   	0	0	0	0	0	0	0	0	0	0	0	0	0	0	0	0	0	0	0	0	0	0	0	0	0	0	0	0	0	0	0	0	0	0	0	0	0	0	0	0	0	0	0	0	0	0	0	0
TOTAL	0	2	0	0	0	2	0	0	0	7	3	0	0	5	1	1	0	8	0	0	0	0	0	1	0	0	0	3	0	0	0	1	0	0	0	1	0	3	0	1	0	1	0	1	0	0	0	0
Blumenau    																																																
Apiúna                             	0	0	0	0	0	0	0	1	0	0	0	0	0	2	0	0	0	0	0	0	0	0	0	0	0	0	0	0	0	0	0	0	0	0	0	0	0	0	0	0	0	0	0	0	0	0	0	0
Ascurra                         	0	0	0	0	0	0	0	0	0	0	0	0	0	0	0	0	0	0	0	0	0	0	0	0	0	0	0	0	0	0	0	0	0	0	0	0	0	0	0	0	0	0	0	0	0	0	0	0
Benedito Novo               	0	0	0	0	0	1	0	0	0	0	0	0	0	0	0	0	0	0	0	0	0	0	0	0	0	0	0	0	0	0	0	0	0	0	0	0	0	0	0	0	0	4	0	0	0	0	0	0
Blumenau                        	0	0	0	0	0	0	0	0	0	0	0	0	0	0	0	0	0	0	0	0	0	0	0	0	0	0	0	0	0	0	0	0	0	0	0	0	0	0	0	0	0	0	0	0	0	0	0	0
Botuverá                        	0	0	0	0	0	0	0	0	0	0	0	0	0	0	0	0	0	0	0	0	0	0	0	0	0	0	0	0	0	0	0	0	0	0	0	0	0	0	0	0	0	0	0	0	0	0	0	0
Brusque                        	0	0	0	1	0	1	0	3	0	0	0	1	0	0	0	1	0	1	0	0	0	0	0	0	0	0	0	1	0	1	0	0	0	0	0	0	0	2	0	0	0	0	0	0	0	0	0	0
Doutor Pedrinho              	0	0	0	0	0	0	0	0	0	0	0	0	0	0	0	0	0	0	0	0	0	0	0	0	0	0	0	0	0	0	0	0	0	0	0	0	0	0	0	0	0	0	0	0	0	0	0	0
Gaspar                           	0	0	0	2	1	1	0	0	0	0	0	1	0	0	0	0	0	2	0	0	0	0	0	2	0	0	0	1	0	0	0	1	0	0	0	5	0	0	0	2	0	2	0	2	0	2	0	0
Guabiruba                    	0	0	0	0	0	0	0	0	0	0	0	0	0	0	0	0	0	0	0	0	0	0	0	0	0	0	0	0	0	0	0	0	0	0	0	0	0	0	0	0	0	0	0	0	0	0	0	0
Indaial                           	0	0	0	0	0	0	0	0	0	0	0	0	0	0	0	0	0	2	0	0	0	1	0	0	0	0	0	0	0	0	0	0	0	0	0	0	0	0	0	0	0	0	0	0	0	0	0	0
Pomerode                     	0	0	0	0	0	0	0	0	0	0	0	0	0	0	0	0	0	0	0	0	0	0	0	0	0	0	0	0	0	0	0	0	0	0	0	0	0	0	0	0	0	0	0	0	0	0	0	0
Rio dos Cedros                	0	0	0	0	0	2	0	0	0	0	0	0	0	0	0	0	0	0	0	0	0	0	0	0	0	0	0	0	0	0	0	0	0	0	0	0	0	1	0	0	0	0	0	0	0	0	0	0
Rodeio                               	0	0	0	0	0	0	0	0	0	0	0	0	0	0	0	0	0	0	0	0	0	0	0	0	0	0	0	0	0	0	0	0	0	0	0	0	0	0	0	0	0	0	0	0	0	0	0	0
Timbó                              	0	0	0	0	0	0	0	0	0	0	0	0	0	0	0	0	0	0	0	0	0	1	0	0	0	0	0	0	0	0	0	0	0	0	0	0	0	0	0	0	0	0	0	0	0	0	0	0
TOTAL	0	0	0	3	1	5	0	4	0	0	0	2	0	2	0	1	0	5	0	0	0	2	0	2	0	0	0	2	0	1	0	0	0	0	0	5	0	3	0	2	0	6	0	0	0	2	0	0
Chapecó 																																																
Águas de Chapecó                	0              0             	0	0          0            0	0	0	0	0	0	0	0	0	0	0             0             0	0	0	0	0	0	0	0	0	0	0	0	0	0	0	0	0	0	0	0	0	0	0	0	0	0	0	0	0	0	0	0	0	0	0	0
Águas Frias                           	0              0             	0	0         0           0	0	0	1	0	1	0	0	0	0	0             0             0	1	0	1	0	0	0	0	0	0	0	0	0	0	0	0	0	0	0	0	0	0	0	0	0	0	0	0	0	0	0	0	0	0	0	0
Arvoredo                              	0              0             	0	0         0           0	0	0	0	0	0	0	0	0	0	0             0             0	0	0	0	0	0	0	0	0	0	0	0	0	0	0	0	0	0	0	0	0	1	0	0	0	0	0	0	0	0	0	0	0	0	0	0
Caibi                                      	0              0             	0	0          0            0	0	0	0	0	0	0	0	0	0	0             0             0	0	0	0	0	0	0	0	0	0	0	0	0	0	0	0	0	0	0	0	0	0	0	0	0	0	0	0	0	0	0	0	0	0	0	0
Caxambu do Sul                   	0              0             	1	0          0            0	0	0	0	0	0	0	0	0	0	0             0             1	1	0	0	0	0	0	0	0	1	0	0	0	0	0	0	0	0	0	0	0	0	0	0	0	0	0	0	0	0	0	0	0	0	0	0
Chapecó                               	0             0          	20	0	6	0	17	0	0	1	9	0	0	0             0             0	7	0	0	0	9	0	0	0	0	0	0	0	0	0	0	0	0	0	0	0	0	0	0	0	0	0	0	0	0	0	0	0	0	0	0
Cordilheira Alta                     	0              0             	0	0          0          0	0	0	0	0	0	0	0	0	0	0             0             0	0	0	0	0	1	0	0	0	2	0	0	0	0	0	0	0	0	0	0	0	1	0	0	0	0	0	0	0	0	0	0	0	2	0	0
Coronel Freitas                   	0              0             	0	0        0            0	0	0	0	0	0	0	0	0	0	0             0             0	0	0	0	0	0	0	0	0	0	0	0	0	0	0	0	0	0	0	0	0	0	0	0	0	0	0	0	0	0	0	0	0	0	0	0
Cunha Porã                        	0             0          	0	7	1	0	0	0	0	0	0	0	0	0             0             	0	3	0	0	0	0	0	0	0	0	1	0	0	0	0	0	0	0	0	0	0	0	0	0	0	0	0	0	0	0	0	0	0	0	0
Cunhataí                                	0              0             	0	0	0	0	0	0	0	0	0	0	0	0             0             0	0	0	0	0	0	0	0	0	0	0	0	0	0	0	0	0	0	0	0	0	0	0	0	0	0	0	0	0	0	0	0	0	0	0	0
Formosa do Sul                   	0              0             	0	0	0	0	0	0	0	0	0	0	0	0	0	0	1	0	0	0	0	0	0	0	0	0	0	0	0	0	0	0	0	0	0	0	0	0	0	0	0	0	0	0	0	0	0	0	0
Guatambu                          	0              0             	0	0	0	0	0	0	0	0	0	0	0	0             0             0	0	0	0	0	0	0	0	0	0	0	0	0	0	1	0	0	0	0	0	0	0	0	0	0	0	0	0	0	0	0	0	0	0	0	0
Irati                                         	0              0             	0	0	0	0	0	0	0	0	0	0	0	0             0             0	0	0	0	0	0	0	0	0	0	0	0	0	0	0	0	0	0	0	0	0	0	0	0	0	0	0	0	0	0	0	0	0	0	0	0
Jardinópolis                         	0              0             	0	0	0	0	0	0	0	0	0	0	0	0             0             0	0	0	0	0	0	0	0	0	0	0	0	0	0	0	0	0	0	0	0	0	0	0	0	0	0	0	0	0	0	0	0	0	0	0	0
Nova Erechim                        	0              0             	0	0	0	0	0	0	0	0	0	0	0	0             0             0	0	0	1	0	0	0	0	0	0	0	0	0	0	0	0	0	0	0	0	0	0	0	0	0	0	0	0	0	0	0	0	0	0	0	0
Nova Itaberaba                    	0              0             	0	0	0	0	0	0	0	0	0	0	0	0             0             0	0	0	0	0	0	0	0	0	0	0	0	0	0	0	0	0	0	0	0	0	0	0	0	0	0	0	0	0	0	0	0	0	0	0	0
Paial                                       	0              0             	0	0	0	0	0	0	0	0	0	0	0	0             0             0	0	0	0	0	0	0	0	0	0	0	0	0	0	0	0	0	0	0	0	0	0	0	0	0	0	0	0	0	0	0	0	0	0	0	0
Palmitos                             	0              0             	0	0	0	0	0	0	0	0	1	0	0	0             0             0	2	0	0	0	0	0	0	0	0	0	0	0	0	0	0	0	0	0	0	0	0	0	0	0	0	0	0	0	0	0	0	0	0	0	0
Pinhalzinho                        	0              0             	0	0	0	0	0	0	0	0	0	0	0	0             0             0	0	0	0	0	2	0	0	0	0	0	0	0	0	0	1	0	1	0	0	0	0	2	0	0	0	0	0	0	0	0	0	0	0	0	0
Planalto Alegre                   	0              0             	0	0	0	0	0	0	0	0	0	0	0	0             0             0	0	0	0	0	0	0	0	0	0	0	0	0	0	0	0	0	0	0	0	0	1	0	0	0	0	0	0	0	0	0	0	0	0	0	0
Quilombo                             	0              0             	0	0	0	0	0	0	0	0	0	0	0	0             0             0	0	0	0	0	0	0	0	0	0	0	0	0	0	0	0	0	0	0	0	0	0	0	0	0	0	0	0	0	0	0	0	0	0	0	0
Riqueza                                 	0              0             	0	0	0	0	0	0	0	0	0	0	0	0             0             0	0	0	0	0	0	0	0	0	0	0	0	0	0	0	0	0	0	0	0	0	0	0	0	0	0	0	0	0	0	0	0	0	0	0	0
Santiago do Sul                    	0              0             	0	0	0	0	0	0	0	0	0	0	0	0             0             0	0	0	0	0	0	0	0	0	0	0	0	0	0	0	0	0	0	0	0	0	0	0	0	0	0	0	0	0	0	0	0	0	0	0	0
São Carlos                             	0              0             	0	0	0	0	0	0	0	0	0	0	0	0             0             0	0	0	0	0	0	0	0	0	0	0	0	0	0	0	0	0	0	0	0	0	0	0	0	0	0	0	0	0	0	0	0	0	0	0	0
Serra Alta                              	0              0             	0	0	0	0	0	0	0	0	0	0	0	0             0             0	0	0	0	0	0	0	0	0	0	0	0	0	0	0	0	0	0	0	0	0	0	0	0	0	1	0	0	0	0	0	0	0	0	0	0
Sul Brasil                               	0              0             	0	0	0	0	0	0	0	0	0	0	0	0             0             0	0	0	0	0	0	0	0	0	0	0	0	0	0	0	0	0	0	0	0	0	0	1	0	0	0	0	0	0	0	0	0	0	0	0	0
União do Oeste                    	0              0             	0	0	0	0	0	0	0	0	0	0	0	0             0             0	0	0	0	0	0	0	0	0	0	0	0	0	0	0	0	0	0	0	0	0	0	0	0	0	0	0	0	0	0	0	0	0	0	0	0
TOTAL	0	21	7	7	0	18	0	1	1	10	0	0	0	11	3	3	0	12	0	0	0	3	0	1	0	0	1	1	0	1	0	0	0	3	2	0	0	1	0	0	0	0	0	0	0	2	0	0
Concórdia 																																																
Alto Bela Vista                 	0             0          0	0	0	0	0	0	0	0	0	0	0	0	0	0	0	0	0	0	0	0	0	0	0	1	0	0	0	0	0	0	0	0	0	0	0	0	0	0	0	0	0	0	0	0	0	2	0	0
Arabutã                           	0             0          0	0	0	0	0	0	0	0	0	0	0	0	0	0	0	0	0	0	0	0	0	0	0	0	0	0	0	0	0	0	0	0	0	0	0	0	0	0	0	0	0	0	0	0	0	0	0	0
Concórdia                    	0             0          0	0	0	0	0	0	0	3	0	1	1	2	0	0	0	1	0	1	1	0	0	0	0	1	0	0	0	2	0	0	0	2	0	0	0	0	0	0	0	0	0	0	0	0	0	4	0	0
Ipira                                  	0             0          0	0	0	0	0	0	0	0	0	0	0	0	0	0	0	0	0	0	0	0	0	0	0	0	0	0	0	0	0	0	0	0	0	0	0	0	0	0	0	0	0	0	0	0	0	0	0	0
Ipumirim                          	0             0          0	0	0	0	0	0	0	0	0	0	0	0	0	0	0	0	0	0	0	0	0	0	0	0	0	0	0	0	0	0	0	0	0	0	0	0	0	0	0	0	0	0	0	0	0	0	0	0
Irani                                  	0             0          0	0	0	0	0	0	0	0	0	0	0	0	0	0	0	0	0	0	0	0	0	0	0	2	0	0	0	0	0	0	0	0	0	0	0	0	0	0	0	0	0	0	0	0	0	0	0	0
Itá                                  	0             0          0	0	0	0	0	0	0	8	0	0	0	0	0	0	0	0	0	0	0	0	0	0	0	0	0	0	0	0	0	0	0	0	0	0	0	0	0	0	0	0	0	0	0	0	0	0	0	0
Lindóia do Sul              	0             0          0	0	0	0	0	0	0	0	0	0	0	0	0	0	1	0	0	0	0	0	0	0	0	0	0	0	0	0	0	0	0	0	0	0	0	0	0	0	0	0	0	0	0	0	0	0	0	0
Peritiba                           	0             0          0	0	0	0	0	0	0	0	0	0	0	3	0	0	0	0	0	4	0	0	0	0	0	0	0	0	0	0	0	0	0	0	0	0	0	0	0	0	0	0	0	0	0	0	0	0	0	0
Piratuba                         	0             0          0	0	0	0	0	0	0	0	0	0	0	0	0	0	0	0	0	0	0	0	0	0	0	0	0	0	0	1	0	0	0	0	0	0	0	0	0	0	0	0	0	0	0	0	0	0	0	0
Presid. Castelo Branco  	0             0          0	0	0	0	0	0	0	1	0	0	0	0	0	0	0	1	0	0	0	0	0	0	0	0	0	0	0	0	0	0	0	0	0	0	0	1	0	0	0	0	0	1	0	0	0	0	0	0
Seara                               	0             0          0	0	0	0	0	0	0	0	0	0	0	0	0	0	0	0	0	0	0	0	0	0	0	2	0	0	0	0	0	0	0	0	0	0	0	0	0	1	0	4	0	1	0	0	0	0	0	0
Xavantina                       	0             0          0	0	0	0	0	0	0	0	0	0	0	0	0	0	0	0	0	0	0	0	0	0	0	0	0	0	0	0	0	0	0	0	0	0	0	0	0	0	0	0	0	0	0	0	0	0	0	0
TOTAL	0	0	0	0	0	0	0	12	0	1	1	5	0	0	1	2	0	5	1	0	0	0	0	6	0	0	0	2	0	0	0	2	0	0	0	1	0	1	0	3	0	2	0	0	0	6	0	0
Criciúma 																																																
Balneário Rincão       	0             0             0	0	0	0	0	0	0	0	0	0	0	0	0             0             0	0	0	0	0	0	0	0	0	0	0	0	0	0	0	0	0	0	0	0	0	0	0	0	0	0	0	0	0	0	0	0	0	0	0	0
Cocal do Sul               	0             0             0	0	0	0	0	0	0	0	0	0	0	0	0             0             0	0	0	0	0	0	0	0	0	0	0	0	0	0	0	0	0	0	0	0	0	0	0	0	0	0	0	0	0	0	0	0	0	0	0	0
Criciúma                   	0             0             0	0	0	0	0	1	0	0	0	0	0	0	0             0             0	0	0	0	0	0	0	0	0	0	0	0	0	0	0	0	0	0	0	0	0	0	0	0	0	0	0	0	0	0	0	0	0	0	0	0
Forquilhinha              	0             0             0	0	0	0	0	0	0	0	0	0	0	0	0             0             0	0	0	0	0	0	0	0	0	0	0	0	0	0	0	0	0	0	0	0	0	0	0	0	0	0	0	0	0	0	0	0	0	0	0	0
Içara                           	0             0             0	0	0	0	0	0	0	0	0	0	0	0	0             0             0	0	0	0	0	0	0	0	0	0	0	0	0	0	0	0	0	0	0	0	0	0	0	0	0	0	0	0	0	0	0	0	0	0	0	0
Lauro Muller             	0             0             0	0	0	0	0	0	0	0	0	0	0	0	0	1	0	3	0	1	0	0	0	1	0	1	0	1	0	0	0	0	0	0	0	0	0	0	0	1	0	0	0	0	0	0	0	0	0	0
Morro da Fumaça    	0             0             0	0	0	0	0	0	0	0	0	0	0	0	0             0             0	0	0	0	0	0	0	0	0	0	0	0	0	0	0	0	0	0	0	0	0	0	0	0	0	0	0	0	0	0	0	0	0	0	0	0
Nova Veneza              	0             0             0	0	0	0	0	0	0	0	0	0	0	0	0             0             0	0	0	0	0	0	0	0	0	0	0	0	0	0	0	0	0	0	0	0	0	0	0	0	0	0	0	0	0	0	0	0	0	0	0	0
Orleans                      	0             0             0	0	0	2	0	0	0	12	0	0	0	1	0             0             0	1	0	3	0	4	0	4	0	0	0	1	0	0	0	3	0	0	0	2	0	0	0	2	0	0	0	2	0	0	0	2	0	0	0	0
Siderópolis               	0             0             0	0	0	0	0	0	0	0	0	0	0	0	0             0             0	0	0	0	0	0	0	0	0	0	0	0	0	0	0	0	0	0	0	0	0	0	0	0	0	0	0	0	0	0	0	0	0	0	0	0
Treviso                       	0             0             0	0	0	0	0	0	0	0	0	0	0	0	0             0             0	0	0	0	0	0	0	0	0	0	0	0	0	0	0	0	0	0	0	0	0	0	0	0	0	0	0	0	0	0	0	0	0	0	0	0
Urussanga                	0             0             0	0	0	0	0	0	0	0	0	0	0	0	0             0             0	0	0	0	0	0	0	0	0	0	0	0	0	0	0	0	0	0	0	0	0	0	0	0	0	0	0	0	0	0	0	0	0	0	0	0
TOTAL	0	0	0	2	0	1	0	12	0	0	0	1	0	2	0	6	0	5	0	4	0	0	0	2	0	0	0	0	0	0	0	2	0	0	0	2	0	1	0	2	0	0	0	2	0	0	0	0
Florianópolis  																																																
Águas Mornas                       	0	0	0	0	0	0	0	0	0	0	0	0	0	0	0	0	0	0	0	0	0	0	0	0	0	0	0	0	0	0	0	0	0	0	0	0	0	0	0	0	0	0	0	0	0	0	0	0
Alfredo Wagner                  	0	0	0	0	0	0	0	0	0	0	0	0	0	0	0	0	0	0	0	0	0	0	0	0	0	0	0	0	0	0	0	0	0	0	0	0	0	0	0	0	0	0	0	0	0	0	0	0
Angelina                                	0	0	0	0	0	0	0	0	0	0	0	0	0	0	0	0	0	0	0	0	0	0	0	0	0	0	0	0	0	0	0	0	0	0	0	0	0	0	0	0	0	0	0	0	0	0	0	0
Anitápolis                               	0	0	0	0	0	0	0	0	0	0	0	0	0	0	0	0	0	0	0	0	0	0	0	0	0	0	0	0	0	0	0	0	0	0	0	0	0	0	0	0	0	0	0	0	0	0	0	0
Antônio Carlos                     	0	0	0	0	0	0	0	0	0	0	0	0	0	0	0	0	0	0	0	0	0	0	0	0	0	0	0	0	0	0	0	0	0	0	0	0	0	0	0	0	0	0	0	0	0	0	0	0
Biguaçu                              	0	0	0	0	0	0	0	0	0	0	0	0	0	0	0	1	0	0	0	0	0	0	0	0	0	0	0	0	0	0	0	0	0	0	0	0	0	0	0	0	0	0	0	0	0	0	0	0
Canelinha                            	0	0	0	0	0	0	0	0	0	0	0	0	0	0	0	0	0	0	0	0	0	0	0	0	0	0	0	0	0	0	0	0	0	0	0	0	0	0	0	0	0	0	0	0	0	0	0	0
Florianópolis                 	0	0	0	0	0	1	0	0	0	0	0	0	0	0	0	0	0	0	0	0	0	0	0	0	0	1	0	0	0	0	0	0	0	0	0	0	0	1	0	0	0	0	0	0	0	0	0	0
Garopaba                             	0	0	0	0	0	0	0	0	0	0	0	0	0	0	0	0	0	0	0	0	0	0	0	0	0	0	0	0	0	0	0	0	0	0	0	0	0	0	0	0	0	0	0	0	0	0	0	0
Gov. Celso Ramos               	0	0	0	0	0	0	0	0	0	0	0	0	0	0	0	0	0	0	0	0	0	0	0	3	0	0	0	0	0	0	0	0	0	0	0	0	0	0	0	0	0	0	0	0	0	0	0	0
Leoberto Leal                         	0	0	0	0	0	0	0	0	0	0	0	0	0	0	0	0	0	0	0	0	0	0	0	0	0	0	0	0	0	0	0	0	0	0	0	0	0	0	0	0	0	0	0	0	0	0	0	0
Major Gercino                      	0	0	0	0	0	0	0	0	0	0	0	0	0	0	0	0	0	0	0	0	0	0	0	0	0	0	0	0	0	0	0	0	0	0	0	0	0	0	0	0	0	0	0	0	0	0	0	0
Nova Trento                          	0	0	0	0	0	0	0	0	0	0	0	0	0	0	0	0	0	0	0	0	0	0	0	0	0	0	0	0	0	0	0	0	0	0	0	0	0	0	0	0	0	0	0	0	0	0	0	0
Palhoça                              	0	0	0	0	0	0	0	0	0	0	0	0	0	0	0	0	0	0	0	0	0	0	0	0	0	0	0	0	0	0	0	0	0	0	0	0	0	0	0	0	0	0	0	0	0	0	0	0
Paulo Lopes                           	0	0	0	0	0	0	0	0	0	0	0	0	0	0	0	0	0	0	0	0	0	0	0	0	0	0	0	0	0	0	0	0	0	0	0	0	0	0	0	0	0	0	0	0	0	0	0	0
Rancho Queimado                	0	0	0	0	0	0	0	0	0	0	0	0	0	0	0	0	0	0	0	0	0	0	0	0	0	0	0	0	0	0	0	0	0	0	0	0	0	0	0	0	0	0	0	0	0	0	0	0
Sto Amaro da Imperatriz   	0	2	0	0	0	0	0	0	0	0	0	0	0	0	0	0	0	2	0	0	0	0	0	0	0	0	0	0	0	0	0	0	0	1	0	0	0	0	0	0	0	0	0	0	0	0	0	0
São Bonifácio                        	0	0	0	0	0	0	0	0	0	0	0	0	0	0	0	0	0	0	0	0	0	0	0	0	0	0	0	0	0	0	0	0	0	0	0	0	0	0	0	0	0	0	0	0	0	0	0	0
São João Batista                 	0	0	0	0	0	0	0	0	0	0	0	0	0	0	0	0	0	0	0	0	0	0	0	0	0	0	0	0	0	0	0	0	0	0	0	0	0	0	0	0	0	0	0	0	0	0	0	0
São José                          	0	6	0	0	0	5	0	1	0	5	0	0	0	0	0	0	0	0	0	0	0	0	0	0	0	0	0	0	0	0	0	0	0	0	0	1	0	0	0	0	0	0	0	0	0	0	0	0
São Pedro de Alcântara      	0	0	0	0	0	0	0	0	0	0	0	0	0	0	0	0	0	0	0	0	0	0	0	0	0	0	0	0	0	0	0	0	0	0	0	0	0	0	0	0	0	0	0	0	0	0	0	0
Tijucas                                  	0	0	0	3	0	0	0	3	0	0	0	2	0	0	0	1	0	0	0	2	0	0	0	3	0	0	0	5	0	1	0	2	0	0	0	0	0	2	0	1	0	0	0	0	0	0	0	0
TOTAL	0	8	0	3	0	6	0	4	0	5	0	2	0	0	0	2	0	2	0	2	0	0	0	6	0	1	0	5	0	1	0	2	0	1	0	1	0	3	0	1	0	0	0	0	0	0	0	0
Itajaí 																																																
Balneário Camboriú    	0             0          0	0	0	0	0	0	0	0	0	0	0	0	0             0             0	0	0	0	0	0	0	0	0	0	0	0	0	0	0	0	0	0	0	0	0	0	0	0	0	0	0	0	0	0	0	0	0	0	0	0
Balneário Piçarras       	0             0          0	6	0	1	0	11	0	0	0	2	0	0	0             0             0	0	0	0	0	11	0	0	0	10	0	1	0	0	0	0	0	0	0	0	0	1	0	2	0	0	0	0	0	2	0	0	0	1	0	0
Bombinhas                     	0             0          0	0	2	12	0	1	2	6	0	1	2	14	0             0             0	0	0	0	0	0	0	0	0	0	0	0	0	0	0	0	0	0	0	1	0	3	0	0	0	2	0	0	0	8	0	0	0	0	0	0
Camboriú                     	0             0          0	0	0	0	0	0	0	0	0	0	0	0	0             0             0	0	0	0	0	0	0	0	0	0	0	0	0	0	0	0	0	0	0	0	0	0	0	0	0	0	0	0	0	0	0	0	0	0	0	0
Ilhota                              	0             0          0	0	0	0	0	0	0	0	0	0	0	0	0             0             0	0	0	0	0	0	0	0	0	0	0	0	0	0	0	0	0	0	0	0	0	0	0	0	0	0	0	0	0	0	0	0	0	0	0	0
Itajaí                         	0             0          0	0	0	14	0	0	0	9	0	0	0	6	0             0             0	1	0	5	0	4	0	7	0	0	0	3	0	0	0	5	0	0	0	1	0	0	0	5	0	0	0	6	0	2	0	2	0	1	0	0
Itapema                       	0             0          0	0	0	0	0	0	0	0	0	0	0	0	0             0             	1	0	0	0	10	0	0	0	0	0	0	0	0	0	0	0	0	0	0	0	0	0	0	0	0	0	0	0	0	0	0	0	0	0	0
Luis Alves                         	0             0          0	1	0	0	0	0	0	0	0	1	0	0	0             0             0	0	0	0	0	1	0	0	0	0	0	0	0	0	0	0	0	0	0	0	0	0	0	0	0	0	0	0	0	0	0	0	0	0	0	0
Navegantes                	0             0          0	2	6	4	0	2	0	4	0	0	10	2	0             0             0	0	5	1	0	17	1	0	0	0	5	5	0	0	7	3	0	0	4	0	0	0	18	2	0	0	5	0	0	8	4	1	0	0	0	0
Penha                             	0             0          0	0	0	0	0	0	0	0	0	0	0	0	0             0             0	0	0	0	0	0	0	0	0	0	0	0	0	0	0	0	0	0	0	0	0	0	0	0	0	0	0	0	0	0	0	0	0	0	0	0
Porto Belo                   	0             0          0	0	0	0	0	1	0	8	0	0	0	0	0             0             0	0	0	0	0	0	0	0	0	0	0	0	0	0	0	0	0	0	0	0	0	0	0	0	0	0	0	0	0	0	0	0	0	0	0	0
TOTAL	0	9	8	31	0	15	2	27	0	4	12	22	0	2	5	6	0	44	1	7	0	10	5	9	0	0	7	8	0	0	4	2	0	4	18	9	0	2	5	6	0	20	4	3	0	2	0	0
Jaraguá do Sul 																																																
Barra Velha                  	0             0          0	1	0	3	0	1	0	1	0	0	0	0	0             0             0	5	0	0	0	1	0	0	0	0	0	0	0	0	0	1	0	0	3	0	0	0	0	1	0	1	2	1	0	2	0	0	0	0	0	0
Corupá                            	0             0          0	0	0	0	0	0	0	0	0	0	0	0	0             0             0	0	0	0	0	0	0	0	0	0	0	0	0	0	0	0	0	0	0	0	0	0	0	0	0	0	0	0	0	0	0	0	0	0	0	0
Guaramirim                    	0             0          0	0	0	1	0	0	0	1	0	0	0	2	0             0             0	0	0	0	0	0	0	0	0	0	0	4	0	0	0	4	0	0	0	1	0	0	0	0	0	1	2	2	0	0	0	1	0	0	0	0
Jaraguá do Sul              	0             0          0	1	0	0	0	0	0	2	0	0	0	1	0             0             0	0	0	0	0	2	0	0	0	3	0	0	0	5	0	3	0	3	0	1	0	3	0	0	0	1	0	0	0	1	0	0	0	0	0	0
Massaranduba                 	0             0          0	0	0	0	0	0	0	0	0	0	0	1	0             0             0	0	0	0	0	0	0	1	0	0	0	0	0	0	0	0	0	0	0	0	0	0	0	0	0	0	0	0	0	0	0	0	0	0	0	0
S. João do Itaperiú           	0             0          0	0	0	0	0	0	0	0	0	0	0	0	0             0             0	0	0	0	0	0	0	0	0	0	0	0	0	0	0	0	0	0	0	0	0	0	0	0	0	0	0	0	0	0	0	0	0	0	0	0
Schroeder                       	0             0          0	1	2	0	0	1	0	1	0	0	0	0	0             0             0	2	1	0	0	0	0	1	0	1	0	0	0	3	0	4	0	7	0	2	0	2	0	1	0	1	0	0	0	1	0	0	0	1	0	0
TOTAL	0	3	2	4	0	2	0	5	0	0	0	4	0	7	1	0	0	3	0	2	0	4	0	4	0	8	0	12	0	0	3	0	0	5	0	2	0	4	4	3	0	4	0	1	0	1	0	0
Joaçaba 																																																
Abdon Batista            	0             0          0	0	0	0	0	0	0	0	0	0	0	0	0             0             0	0	0	0	0	0	0	0	0	0	0	0	0	0	0	0	0	0	0	0	0	0	0	0	0	0	0	0	0	0	0	0	0	0	0	0
Água Doce                	0             0          0	0	0	0	0	0	0	0	0	0	0	0	0             0             0	0	0	0	0	0	0	0	0	0	0	0	0	0	0	0	0	0	0	0	0	0	0	0	0	0	0	0	0	0	1	0	0	0	0	0
Brunópolis                	0             0          0	0	0	0	0	0	0	0	0	0	0	0	0             0             0	0	0	0	0	0	0	0	0	0	0	0	0	0	0	0	0	0	0	0	0	0	0	0	0	0	0	0	0	0	0	0	0	0	0	0
Campos Novos           	0             0          0	0	0	2	0	0	0	0	0	0	0	0	0             0             0	0	0	0	0	0	0	0	0	0	0	0	0	0	0	0	0	0	0	0	0	2	0	0	0	0	0	0	0	0	0	0	0	0	0	0
Capinzal                   	0             0          0	0	0	0	0	0	0	1	0	0	0	0	0             0             0	0	0	0	0	0	0	0	0	0	0	0	0	0	0	0	0	0	0	0	0	0	0	0	0	0	0	0	0	0	0	0	0	0	0	0
Catanduvas             	0             0          0	0	0	0	0	0	0	0	0	0	0	0	0             0             0	0	0	0	0	0	0	0	0	0	0	0	0	0	0	0	0	0	0	0	0	0	0	0	0	0	0	0	0	0	0	0	0	0	0	0
Celso Ramos              	0             0          0	0	0	0	0	0	0	0	0	0	0	0	0             0             0	0	0	0	0	0	0	0	0	0	0	0	0	0	0	0	0	0	0	0	0	0	0	0	0	0	0	0	0	0	0	0	0	0	0	0
Erval Velho                 	0             0          0	0	0	0	0	0	0	0	0	0	0	0	0             0             0	0	0	1	0	1	0	0	0	0	0	0	0	0	0	0	0	0	0	0	0	4	0	0	0	0	0	0	0	1	0	0	0	0	0	0
Herval d'Oeste         	0             0          0	0	0	1	0	0	0	0	0	0	0	1	0             0             0	0	0	0	0	0	0	0	0	0	0	0	0	0	0	0	0	0	0	0	0	0	0	0	0	1	0	0	0	0	0	0	0	0	1	0
Ibicaré	0             0          0	0	0	0	0	0	0	0	0	0	0	0	0             0             0	0	0	0	0	0	0	0	0	0	0	0	0	0	0	0	0	0	0	0	0	0	0	0	0	0	0	0	0	0	0	0	0	0	0	0
Jaborá                         	0             0          0	0	0	0	0	1	0	0	0	0	0	0	0             0             0	0	0	0	0	0	0	0	0	0	0	0	0	0	0	0	0	0	1	0	0	0	1	0	0	0	0	0	0	0	0	0	0	0	0	0
Joaçaba                       	0             0          0	0	0	0	0	0	0	0	0	0	0	0	0             0             0	0	0	0	0	0	0	0	0	0	0	0	0	0	0	0	0	0	0	0	0	0	0	0	0	0	0	0	0	0	0	0	0	0	0	0
Lacerdópolis              	0             0          0	0	0	0	0	0	0	0	0	0	0	0	0             0             0	0	0	0	0	0	0	0	0	0	0	0	0	0	0	0	0	0	0	0	0	0	0	0	0	0	0	0	0	0	0	0	0	0	0	0
Luzerna                  	0             0          0	0	0	1	0	0	0	0	0	0	0	0	0             0             0	0	0	0	0	0	0	0	0	0	0	0	0	0	0	0	0	0	0	0	0	0	0	0	0	0	0	0	0	0	0	0	0	0	0	0
Monte Carlo              	0             0          0	0	0	0	0	0	0	0	0	0	0	0	0             0             0	0	0	0	0	0	0	0	0	0	0	0	0	0	0	0	0	0	0	0	0	0	0	0	0	0	0	0	0	0	0	0	0	0	0	0
Ouro                         	0             0          0	0	0	0	0	0	0	0	0	0	0	0	0             0             0	0	0	0	0	0	0	0	0	0	0	0	0	0	0	0	0	0	0	0	0	0	0	0	0	0	0	0	0	0	0	0	0	0	0	0
Treze Tílias                 	0             0          0	0	0	0	0	0	0	0	0	0	0	0	0             0             0	0	0	0	0	0	0	0	0	0	0	0	0	0	0	0	0	0	0	0	0	0	0	0	0	0	0	0	0	0	0	0	0	0	0	0
Vargem                       	0             0          0	0	0	0	0	0	0	0	0	0	0	0	0             0             0	0	0	0	0	0	0	0	0	0	0	0	0	0	0	0	0	0	0	0	0	0	0	0	0	0	0	0	0	0	0	0	0	0	0	0
Vargem Bonita          	0             0          0	0	0	3	0	0	0	1	0	0	0	0	0             0             0	0	0	0	0	0	0	0	0	0	0	0	0	0	0	0	0	0	0	0	0	0	0	0	0	0	0	0	0	0	0	0	0	0	0	0
Zortéia                        	0             0          0	0	0	0	0	0	0	0	0	0	0	0	0             0             0	0	0	0	0	0	0	0	0	0	0	0	0	0	0	0	0	0	0	0	0	0	0	0	0	0	0	0	0	0	0	0	0	0	0	0
Ibiam                   	0             0          0	0	0	0	0	0	0	0	0	0	0	0	0             0             0	0	0	0	0	0	0	0	0	0	0	0	0	0	0	0	0	0	0	0	0	0	0	0	0	0	0	0	0	0	0	0	0	0	0	0
TOTAL	0	0	0	7	0	1	0	2	0	0	0	1	0	0	0	1	0	1	0	0	0	0	0	0	0	0	0	0	0	0	1	0	0	6	1	0	0	1	0	0	0	1	1	0	0	0	1	0
Joinville     																																																
Araquari                     	0             0          0	0	0	0	0	0	0	2	0	0	0	1	0             0             0	0	0	0	0	0	0	2	0	2	0	1	0	0	0	0	0	0	0	0	0	0	0	0	0	0	0	0	0	0	0	0	0	0	0	0
Bal. Barra do Sul        	0             0          0	0	0	3	0	0	0	5	0	1	0	1	0             0             0	0	0	0	0	3	0	0	0	0	0	0	0	0	0	1	0	0	0	0	0	1	0	0	0	1	0	0	0	1	0	0	0	0	0	0
Corupá                            																					0	0	0	0	0	0	0	0	0	0	0	0	0	0	0	0	0	0	0	0	0	0	0	0	0	0	0	0
Garuva                          	0             0          0	0	0	1	0	1	0	0	0	0	0	0	0             0             0	0	0	0	0	3	0	0	0	0	0	2	0	0	0	1	0	0	0	0	0	0	0	0	0	0	0	0	0	0	0	0	0	0	0	0
Itapoá                          	0             0          0	0	0	15	0	0	0	15	0	0	0	13	0	2	0	16	0	11	0	7	0	3	0	11	0	2	0	0	0	0	0	0	0	6	0	3	0	14	0	1	0	17	0	3	0	1	0	0
Joinville                  	0             0          0	0	0	18	0	0	0	15	0	0	0	0	0             0             0	0	0	14	0	0	0	0	0	0	0	14	0	0	0	0	0	0	0	12	0	0	0	0	0	0	0	18	0	0	0	0	0	0	0	0
São Francisco do Sul  	0             0          0	2	0	1	0	1	0	2	0	3	0	0	0             0             	3	0	0	0	0	0	0	0	1	0	0	0	0	0	0	0	0	0	0	0	0	0	0	0	0	0	0	0	0	0	0	0	0	0	0
TOTAL	0	2	0	38	0	2	0	39	0	4	0	15	0	5	0	30	0	17	0	9	0	6	0	28	0	2	0	2	0	0	0	12	0	7	0	3	0	15	0	18	0	18	0	0	0	1	0	0
Lages    																																																
Anita Garibaldi            	0             0          0	0	0	0	0	0	0	0	0	0	0	0	0             0             0	0	0	0	0	0	0	0	0	0	0	0	0	0	0	0	0	0	0	0	0	0	0	0	0	0	0	0	0	0	0	0	0	0	0	0
Bocaina do Sul            	0             0          0	0	0	0	0	0	0	0	0	0	0	0	0             0             0	0	0	0	0	2	0	0	0	0	0	0	0	0	0	0	0	0	0	0	0	0	0	0	0	0	0	0	0	0	0	0	0	0	0	0
Bom Jardim da Serra  	0             0          0	0	0	0	0	0	0	0	0	0	0	0	0             0             0	0	0	0	0	0	0	0	0	0	0	0	0	0	0	0	0	0	0	0	0	0	0	0	0	0	0	0	0	0	0	0	0	0	0	0
Bom Retiro                   	0             0          0	0	0	1	0	0	0	0	0	0	0	0	0             0             0	0	0	0	0	0	0	0	0	0	0	0	0	0	0	0	0	0	0	0	0	0	0	0	0	0	0	0	0	0	0	0	0	0	0	0
Campo Belo do Sul      	0             0          0	0	0	0	0	0	0	0	0	0	0	0	0             0             0	0	0	0	0	0	0	0	0	0	0	1	0	0	0	0	0	0	0	0	0	0	0	0	0	0	0	0	0	0	0	0	0	0	0	0
Capão Alto                  	0             0          0	0	0	0	0	0	0	0	0	0	0	0	0             0             0	0	0	0	0	0	0	0	0	0	0	0	0	0	0	0	0	0	0	0	0	0	0	0	0	0	0	0	0	0	0	0	0	0	0	0
Cerro Negro                	0             0          0	0	0	0	0	0	0	0	0	0	0	0	0             0             0	0	0	0	0	0	0	0	0	0	0	0	0	0	0	0	0	0	0	0	0	0	0	0	0	0	0	0	0	0	0	0	0	0	0	0
Correia Pinto               	0             0          0	0	0	0	0	0	0	0	0	0	0	0	0             0             0	0	0	0	0	0	0	0	0	0	0	0	0	0	0	0	0	0	0	0	0	0	0	0	0	0	0	0	0	0	0	0	0	0	0	0
Lages                          	0             0          0	0	0	0	0	1	0	0	0	0	0	0	0             0             0	0	0	0	0	0	0	0	0	0	0	0	0	2	0	0	0	0	0	0	0	0	0	0	0	0	0	0	0	0	0	0	0	0	0	0
Otacílio Costa               	0             0          0	0	0	0	0	0	1	0	0	0	0	0	0             0             0	0	0	0	0	0	0	0	0	0	0	0	0	0	0	0	0	0	0	0	0	4	0	0	0	0	0	0	0	0	0	0	0	0	0	0
Painel                           	0             0          0	0	0	0	0	0	0	0	0	0	0	0	0             0             0	0	0	0	0	0	0	0	0	0	0	0	0	0	0	0	0	0	0	0	0	0	0	0	0	0	0	0	0	0	0	0	0	0	0	0
Palmeira                       	0             0          0	0	0	0	0	0	0	0	0	0	0	0	0             0             0	0	0	0	0	0	0	0	0	0	0	0	0	0	0	0	0	0	0	0	0	0	0	0	0	0	0	0	0	0	0	0	0	0	0	0
Ponte Alta                   	0             0          0	0	0	0	0	0	0	0	0	0	0	0	0             0             0	0	0	0	0	0	0	0	0	0	0	0	0	0	0	0	0	0	0	0	0	0	0	0	0	0	0	0	0	0	0	0	0	0	0	0
Rio Rufino                    	0             0          0	0	0	0	0	0	0	0	0	0	0	0	0             0             0	0	0	0	0	0	0	0	0	0	0	0	0	0	0	0	0	0	0	0	0	0	0	0	0	0	0	0	0	0	0	0	0	0	0	0
São Joaquim               	0             0          0	0	0	0	0	0	0	0	0	0	0	0	0             0             0	0	0	0	0	0	0	0	0	0	0	0	0	0	0	0	0	0	0	0	0	0	0	0	0	0	0	0	0	0	0	0	0	0	0	0
São José do Cerrito    	0             0          0	0	0	0	0	0	0	0	0	0	0	0	0             0             0	0	0	0	0	0	0	0	0	0	0	0	0	0	0	0	0	0	0	0	0	0	0	0	0	0	0	0	0	0	0	0	0	0	0	0
Urubici                         	0             0          0	0	0	0	0	0	0	0	0	0	0	0	0             0             0	0	0	0	0	0	0	0	0	0	0	0	0	0	0	0	0	0	0	0	0	0	0	0	0	0	0	0	0	0	0	0	0	0	0	0
Urupema                     	0             0          0	0	0	0	0	0	0	0	0	0	0	0	0             0             0	0	0	0	0	0	0	0	0	0	0	0	0	0	0	0	0	0	0	0	0	0	0	0	0	0	0	0	0	0	0	0	0	0	0	0
TOTAL	0	0	0	1	0	1	1	0	0	0	0	0	0	0	0	0	0	2	0	0	0	0	0	1	0	2	0	0	0	0	0	0	0	4	0	0	0	0	0	0	0	0	0	0	0	0	0	0
Mafra     																																																
Bela Vista do Toldo  	0             0          0	0	0	0	0	0	0	0	0	0	0	0	0             0             0	0	0	0	0	0	0	0	0	0	0	0	0	0	0	0	0	0	0	0	0	0	0	0	0	0	0	0	0	0	0	0	0	0	0	0
Campo Alegre           	0             0          0	0	0	0	0	0	0	0	0	0	0	0	0             0             0	0	0	0	0	0	0	0	0	0	0	0	0	0	0	0	0	0	0	0	0	0	0	0	0	0	0	0	0	0	0	0	0	0	0	0
Canoinhas               	0             0          0	3	1	1	0	3	0	1	0	0	1	0	0             0             0	1	1	0	0	3	0	0	0	4	3	5	0	0	0	0	0	2	5	0	0	0	0	0	0	3	0	1	0	0	0	0	0	0	0	0
Irienópolis                 	0             0          0	0	0	0	0	0	0	0	0	0	0	0	0             0             0	0	0	0	0	0	0	1	0	0	0	0	0	0	0	0	0	0	0	0	0	0	0	0	0	0	0	0	0	0	0	0	0	0	0	0
Itaiópolis                   	0             0          0	0	0	0	0	0	0	0	0	0	0	0	0             0             0	0	1	0	0	2	0	0	0	0	0	2	0	0	0	0	0	0	0	0	0	0	0	0	0	0	0	0	0	0	0	0	0	3	0	0
Mafra                         	0             0          0	0	0	0	0	1	0	0	0	0	1	0	2	1	0	1	0	1	0	0	0	0	0	0	0	0	0	0	0	0	0	0	0	0	0	0	0	0	0	0	0	0	0	0	0	0	0	0
Major Vieira              	0             0          0	0	0	0	0	0	0	0	0	0	0	0	0             0             0	0	0	0	0	0	0	0	0	0	0	0	0	0	0	0	0	0	0	0	0	0	0	0	0	0	0	0	0	0	0	0	0	0	0	0
Monte Castelo         	0             0          0	0	0	0	0	0	0	0	0	0	0	0	0             0             0	0	0	0	0	0	0	0	0	0	0	0	0	0	0	0	0	0	0	0	0	0	0	0	0	0	0	0	0	0	0	0	0	0	0	0
Papanduva                	0             0          0	0	0	0	0	0	0	0	0	0	0	0	0             0             0	0	1	1	0	0	1	0	0	0	0	1	0	0	0	1	0	0	0	0	0	0	0	0	0	3	0	0	0	0	0	0	0	0	0	0
Porto União              	0             0          0	0	0	9	0	2	0	2	0	0	0	0	0             0             0	0	0	0	0	0	0	0	0	0	0	0	0	0	0	0	0	0	0	0	0	0	0	0	0	0	0	0	0	0	0	0	0	0	0	0
Rio Negrinho            	0             0          0	0	0	0	0	0	1	0	0	0	1	0	0             0             0	0	0	0	0	1	0	0	0	0	0	0	0	2	0	0	0	0	0	0	0	0	0	0	0	0	0	0	0	0	0	0	0	0	0	0
São Bento do Sul  	0             0          0	3	0	0	0	0	0	2	0	2	0	0	0             0             0	0	0	0	0	2	0	0	0	0	0	0	0	0	0	0	0	0	0	0	0	1	0	1	0	0	0	0	0	0	0	0	0	0	0	0
Três Barras               	0             0          0	0	0	0	0	0	0	0	0	0	0	0	0             0             0	0	0	0	0	0	0	0	0	0	0	0	0	0	0	0	0	0	0	0	0	0	0	0	0	0	0	0	0	0	0	0	0	0	0	0
TOTAL	0	6	1	10	0	6	1	5	0	2	3	0	2	2	3	2	0	9	1	1	0	4	3	8	0	0	0	0	0	2	5	0	0	1	0	1	0	6	0	1	0	0	0	0	0	3	0	0
Rio do Sul    																																																
Agrolândia                      	0	0	0	0	0	0	0	0	0	0	0	0	0	0	0	0	0	0	0	0	0	0	0	0	0	0	0	0	0	0	0	0	0	0	0	0	0	0	0	0	0	0	0	0	0	0	0	0
Agronômica                    	0	0	0	0	0	0	0	0	0	0	0	0	0	0	0	0	0	0	0	0	0	0	0	0	0	0	0	0	0	0	0	0	0	0	0	0	0	0	0	0	0	0	0	0	0	0	0	0
Atalanta                           	0	0	0	0	0	0	0	0	0	0	0	0	0	0	0	0	0	0	0	0	0	0	0	0	0	0	0	0	0	0	0	0	0	0	0	0	0	0	0	0	0	0	0	0	0	0	0	0
Aurora                             	0	0	0	0	0	0	0	0	0	0	0	0	0	0	0	0	0	0	0	0	0	0	0	0	0	0	0	0	0	0	0	0	0	0	0	0	0	0	0	0	0	0	0	0	0	0	0	0
Braço do Trombudo     	0	0	0	0	0	0	0	0	0	0	0	0	0	0	0	0	0	0	0	0	0	0	0	0	0	0	0	0	0	0	0	0	0	0	0	0	0	0	0	0	0	0	0	0	0	0	0	0
Chapadão do Lageado   	0	0	0	0	0	0	0	0	0	0	0	0	0	0	0	0	0	0	0	0	0	0	0	0	0	0	0	0	0	0	0	0	0	0	0	0	0	0	0	0	0	0	0	0	0	0	0	0
Dona Emma                     	0	0	0	0	0	0	0	0	0	0	0	0	0	0	0	0	0	0	0	0	0	0	0	0	0	0	0	0	0	0	0	0	0	0	0	0	0	0	0	0	0	0	0	0	0	0	0	0
Ibirama                            	0	0	0	0	0	0	0	0	0	0	0	0	0	0	0	0	0	0	0	0	0	0	0	0	0	0	0	0	0	0	0	0	0	0	0	0	0	0	0	0	0	0	0	0	0	0	0	0
Imbuia                              	0	0	0	0	0	0	0	0	0	0	0	0	0	0	0	0	0	0	0	0	0	0	0	0	0	0	0	0	0	0	0	0	0	0	0	0	0	0	0	0	0	0	0	0	0	0	0	0
Ituporanga                      	0	0	0	0	0	0	0	0	0	0	0	0	0	0	0	0	0	0	0	0	0	0	0	0	0	0	0	0	0	0	0	0	0	0	0	0	0	0	0	0	0	0	0	0	0	0	0	0
José Boiteux                    	0	0	0	0	0	0	0	0	0	0	0	0	0	0	0	0	0	0	0	0	0	0	0	0	0	0	0	0	0	0	0	0	0	0	0	0	0	0	0	0	0	0	0	0	0	0	0	0
Laurentino                       	0	0	0	0	0	0	0	0	0	0	0	0	0	0	0	0	0	0	0	0	0	0	0	0	0	0	0	0	0	0	0	0	0	0	0	0	0	0	0	0	0	0	0	0	0	0	0	0
Lontras                             	0	0	0	0	0	0	0	0	0	0	0	0	0	0	0	0	0	0	0	0	0	0	0	0	0	0	0	0	0	0	0	0	0	0	0	0	0	0	0	0	0	0	0	0	0	0	0	0
Mirim Doce                     	0	0	0	0	0	0	0	0	0	0	0	0	0	0	0	0	0	0	0	0	0	0	0	0	0	0	0	0	0	0	0	0	0	0	0	0	0	0	0	0	0	0	0	0	0	0	0	0
Petrolândia                       	0	0	0	0	0	0	0	0	0	0	0	0	0	0	0	0	0	0	0	0	0	0	0	0	0	0	0	0	0	0	0	0	0	0	0	0	0	0	0	0	0	0	0	0	0	0	0	0
Pouso Redondo               	0	0	0	0	0	0	0	1	0	0	0	2	0	0	0	0	0	0	0	0	0	0	0	0	0	0	0	0	0	0	0	0	0	0	0	0	0	0	0	0	0	1	0	0	0	0	0	0
Presidente Getúlio            	0	0	0	0	0	0	0	0	0	0	0	0	0	0	0	0	0	0	0	0	0	0	0	0	0	0	0	0	0	0	0	0	0	0	0	0	0	0	0	0	0	0	0	0	0	0	0	0
Presidente Nereu              	0	0	0	0	0	0	0	0	0	0	0	0	0	0	0	0	0	0	0	0	0	0	0	0	0	0	0	0	0	0	0	0	0	0	0	0	0	0	0	0	0	0	0	0	0	0	0	0
Rio do Campo                   	0	0	0	0	0	0	0	0	0	0	0	0	0	0	0	0	0	0	0	0	0	0	0	0	0	0	0	0	0	0	0	0	0	0	0	0	0	0	0	0	0	0	0	0	0	0	0	0
Rio do Oeste                       	0	0	0	0	0	0	0	0	0	0	0	0	0	0	0	0	0	0	0	0	0	0	0	0	0	0	0	0	0	0	0	0	0	0	0	0	0	0	0	0	0	0	0	0	0	0	0	0
Rio do Sul                        	0	0	0	0	0	0	0	1	0	0	0	0	0	1	3	3	0	0	1	4	0	0	1	3	0	0	1	0	0	0	0	0	0	0	0	0	0	0	0	0	0	0	2	0	0	0	0	1
Salete                                  	0	0	0	0	0	0	1	1	0	0	0	0	0	1	0	0	0	0	0	0	0	0	0	0	0	0	0	1	0	0	0	0	0	1	0	0	0	0	0	0	0	0	0	0	0	1	0	0
Santa Terezinha                 	0	0	0	0	0	0	0	0	0	0	0	0	0	0	0	0	0	0	0	0	0	0	0	0	0	0	0	0	0	0	0	0	0	0	0	0	0	0	0	0	0	0	0	0	0	0	0	0
Taió                                     	0	0	0	0	0	0	0	0	0	0	0	0	0	0	0	0	0	0	0	0	0	0	0	0	0	0	0	0	0	0	0	0	0	0	0	0	0	0	0	0	0	0	0	0	0	0	0	0
Trombudo Central          	0	0	0	0	0	0	0	0	0	0	0	0	0	0	0	0	0	0	0	0	0	0	0	0	0	0	0	0	0	0	0	0	0	0	0	0	0	0	0	0	0	0	0	0	0	0	0	0
Vidal Ramos                       	0	0	0	0	0	0	0	0	0	0	0	0	0	0	0	0	0	0	0	0	0	0	0	0	0	0	0	0	0	0	0	0	0	0	0	0	0	0	0	0	0	0	0	0	0	0	0	0
Vitor Meireles                    	0	0	0	0	0	0	0	0	0	0	0	0	0	0	0	0	0	0	0	0	0	0	0	0	0	0	0	0	0	0	0	0	0	0	0	0	0	0	0	0	0	0	0	0	0	0	0	0
Witmarsum                        	0	0	0	0	0	0	0	0	0	0	0	0	0	0	0	0	0	0	0	0	0	0	0	0	0	0	0	0	0	0	0	0	0	0	0	0	0	0	0	0	0	0	0	0	0	0	0	0
TOTAL	0	0	0	0	0	0	1	3	0	0	0	2	0	2	3	3	0	0	1	4	0	0	1	3	0	0	1	1	0	0	0	0	0	1	0	0	0	0	0	0	0	1	2	0	0	1	0	1
São Miguel do Oeste     																																																
Anchieta                                  	0             0          0	0	0	0	0	1	0	0	0	0	0	0	0             0             0	0	0	0	0	0	0	0	0	0	0	0	0	0	0	0	0	0	0	0	0	0	0	0	0	0	0	1	0	0	0	0	0	0	0	0
Bandeirante                              	0             0          0	0	0	0	0	0	0	0	0	0	0	0	0             0             0	0	0	0	0	0	0	0	0	0	0	0	0	0	0	0	0	0	0	0	0	0	0	0	0	1	0	0	0	0	0	0	0	0	0	0
Barra Bonita                            	0             0          0	0	0	0	0	0	0	0	0	0	0	0	0             0             0	0	0	0	0	0	0	0	0	0	0	0	0	0	0	0	0	0	0	0	0	0	0	0	0	0	0	0	0	0	0	0	0	0	0	0
Belmonte                                	0             0          0	0	0	0	0	0	0	0	0	0	0	0	0             0             0	0	0	0	0	0	0	0	0	0	0	0	0	0	0	0	0	0	0	0	0	0	0	0	0	0	0	0	0	0	0	0	0	0	0	0
Bom Jesus do Oeste             	0             0          0	0	0	0	0	0	0	0	0	0	0	0	0             0             0	0	0	0	0	0	0	0	0	0	0	0	0	0	0	0	0	0	0	0	0	0	0	0	0	0	0	0	0	0	0	0	0	0	0	0
Descanso                                  	0             0          0	0	0	0	0	0	0	0	0	0	0	0	0             0             0	0	0	0	0	0	0	0	0	0	0	0	0	0	0	0	0	0	0	0	0	0	0	0	0	0	0	0	0	0	0	0	0	0	0	0
Dionísio Cerqueira                 	0             0          0	0	0	0	0	0	0	0	0	0	0	0	0             0             0	0	0	0	0	0	0	0	0	0	0	0	0	0	0	0	0	0	0	0	0	0	0	0	0	0	0	0	0	0	0	0	0	0	0	0
Flor do Sertão                           	0             0          0	0	0	0	0	0	0	0	0	0	0	0	0             0             0	0	0	0	0	0	0	0	0	0	0	0	0	0	0	0	0	0	0	0	0	0	0	0	0	1	0	0	0	0	0	0	0	0	0	0
Guaraciaba                               	0             0          0	0	0	0	0	0	0	2	0	0	0	0	0             0             0	0	0	0	0	2	0	0	0	0	0	0	0	0	0	1	0	0	0	2	0	0	0	0	0	0	0	0	0	0	0	0	0	0	0	0
Guarujá do Sul                         	0             0          0	0	0	0	0	0	0	0	0	0	0	0	0             0             0	0	0	0	0	0	0	0	0	0	0	0	0	0	0	0	0	0	0	0	0	0	0	0	0	0	0	0	0	0	0	0	0	0	0	0
Iporã do Oeste                          	0             0          0	0	0	0	0	0	0	0	0	0	0	0	0             0             0	0	0	0	0	1	0	1	0	0	0	0	0	0	0	0	0	0	0	0	0	0	0	0	0	0	0	0	0	0	0	0	0	0	0	0
Iraceminha                                	0             0          0	1	0	3	0	0	0	0	0	0	0	0	0             0             0	0	0	0	0	0	0	0	0	0	0	0	0	0	0	0	0	0	0	0	0	0	0	0	0	1	1	3	0	0	0	0	0	0	0	0
Itapiranga                                	0             0          0	0	0	0	0	0	0	0	0	0	0	0	0             0             0	0	0	0	0	0	0	0	0	0	0	0	0	0	0	0	0	0	0	0	0	0	0	0	0	0	0	0	0	0	0	0	0	0	0	0
Maravilha                                  	0             0          0	0	0	0	0	0	0	0	0	0	0	0	0             0             0	0	0	0	0	0	0	0	0	0	0	0	0	0	0	0	0	1	0	1	0	0	0	0	0	0	0	0	0	25	0	0	0	0	0	0
Modelo                                       	0             0          0	0	0	2	0	0	0	0	0	0	0	0	0             0             0	0	0	0	0	0	0	0	0	0	0	0	0	0	0	0	0	0	0	0	0	0	0	0	0	0	0	0	0	0	0	0	0	0	0	0
Mondaí                                      	0             0          0	0	0	0	0	0	0	0	0	0	0	0	0             0             0	0	0	0	0	0	0	0	0	0	0	0	0	0	0	0	0	0	0	0	0	0	0	0	0	2	0	0	0	0	0	0	0	0	0	0
Palma Sola                                	0             0          0	0	0	0	0	0	0	0	0	0	0	0	0             0             0	0	0	0	0	0	0	0	0	0	1	0	0	0	1	0	0	0	1	0	0	0	0	0	0	0	0	0	0	0	0	0	0	0	0	0
Paraíso                                        	0             0          0	0	0	0	0	0	0	0	0	0	0	0	0             0             0	0	0	0	0	0	0	0	0	0	0	0	0	0	0	0	0	0	0	0	0	0	0	0	0	0	0	0	0	0	0	0	0	0	0	0
Princesa                                      	0             0          0	0	0	0	0	0	0	0	0	0	0	0	0             0             0	0	0	0	0	0	0	0	0	0	0	0	0	0	0	0	0	0	0	0	0	0	0	0	0	0	0	0	0	0	0	0	0	0	0	0
Romelândia                                	0             0          0	0	0	0	0	0	0	0	0	0	0	0	0             0             0	0	0	0	0	0	0	0	0	0	0	0	0	0	0	0	0	0	0	0	0	0	0	0	0	0	0	0	0	0	0	0	0	0	0	0
Saltinho                                       	0             0          0	0	0	0	0	0	0	0	0	0	0	0	0             0             0	0	0	0	0	0	0	0	0	0	0	0	0	0	0	0	0	0	0	0	0	0	0	0	0	1	0	0	0	0	0	0	0	0	0	0
Santa Helena                               	0             0          0	0	0	0	0	0	0	0	0	0	0	0	0             0             0	0	0	0	0	0	0	0	0	0	0	0	0	0	0	0	0	0	0	0	0	0	0	0	0	0	0	0	0	0	0	0	0	0	0	0
Santa Terezinha do Progresso  	0             0          0	0	0	0	0	0	0	0	0	0	0	0	0             0             0	0	0	0	0	0	0	0	0	0	0	0	0	0	0	0	0	0	0	0	0	0	0	2	0	0	0	0	0	0	0	0	0	0	0	0
São João do Oeste                     	0             0          0	0	0	0	0	0	0	0	0	0	0	0	0             0             0	0	0	0	0	0	0	0	0	0	0	0	0	0	0	0	0	0	0	0	0	0	0	0	0	0	0	0	0	0	0	0	0	0	0	0
São José do Cedro                    	0             0          0	0	0	1	0	0	0	0	0	0	0	0	0             0             0	0	0	0	0	0	0	0	0	0	0	0	0	0	0	0	0	0	0	0	0	0	0	0	0	0	0	0	0	0	0	0	0	0	0	0
São Miguel da Boa Vista            	0             0          0	0	0	0	0	0	0	0	0	0	0	0	0             0             0	0	0	0	0	1	0	0	0	0	0	0	0	0	0	0	0	0	0	0	0	0	0	0	0	0	0	0	0	0	0	0	0	0	0	0
São Miguel do Oeste             	0             0          0	0	2	0	0	0	0	0	0	0	0	0	0             0             0	0	0	0	0	0	0	0	0	0	0	0	0	0	0	0	0	0	0	0	0	0	0	0	0	0	0	0	0	0	0	0	0	0	0	0
Saudades                                     	0             0          0	0	0	0	0	0	0	0	0	0	0	0	0             0             0	0	0	0	0	0	0	0	0	0	0	0	0	0	0	0	0	0	0	0	0	0	0	0	0	0	0	0	0	0	0	0	0	0	0	0
Tigrinhos                                    	0             0          0	0	0	0	0	0	0	0	0	0	0	0	0             0             0	0	0	0	0	0	0	0	0	0	0	0	0	0	0	0	0	0	0	0	0	0	0	0	0	0	0	0	0	0	0	0	0	0	0	0
Tunápolis                                   	0             0          0	0	0	0	0	0	0	0	0	0	0	0	0             0             0	0	0	0	0	0	0	0	0	0	0	0	0	0	0	0	0	0	0	0	0	0	0	0	0	0	0	0	0	0	0	0	0	0	0	0
TOTAL	0	1	2	6	0	1	0	2	0	0	0	0	0	0	0	0	0	4	0	1	0	0	1	0	0	0	1	1	0	1	1	3	0	0	0	2	0	6	1	4	0	25	0	0	0	0	0	0
Tubarão    																																																
Armazém                    	0             0          0	0	0	0	0	0	0	0	0	0	0	0	0             0             0	0	0	0	0	0	0	0	0	0	0	0	0	0	0	0	0	0	0	0	0	0	0	0	0	0	0	0	0	0	0	0	0	0	0	0
Braço do Norte          	0             0          0	0	0	0	0	0	0	0	0	0	0	0	0             0             0	0	0	0	0	0	0	0	0	0	0	0	0	0	0	0	0	3	0	0	0	0	0	0	0	3	0	0	0	3	0	1	0	1	0	0
Capivari de Baixo        	0             0          0	0	0	0	0	0	0	0	0	0	0	0	0             0             0	0	0	0	0	0	0	0	0	0	0	0	0	0	0	0	0	0	0	0	0	0	0	0	0	0	0	0	0	0	0	0	0	0	0	0
Grão Pará                     	0             0          0	0	0	0	0	0	0	0	0	0	0	0	0             0             0	0	0	0	0	0	0	0	0	0	0	0	0	0	0	0	0	0	0	0	0	0	0	0	0	0	0	0	0	0	0	0	0	0	0	0
Gravatal                        	0             0          0	1	0	0	0	0	0	0	0	0	0	0	0             0             0	0	0	0	0	0	0	0	0	0	0	0	0	0	0	0	0	0	0	0	0	1	0	0	0	0	0	0	0	0	0	0	0	0	0	0
Imaruí                           	0             0          0	0	0	0	0	0	0	0	0	0	0	0	0             0             0	0	0	0	0	0	0	0	0	0	0	0	0	0	0	0	0	0	0	0	0	0	0	0	0	0	0	0	0	0	0	0	0	0	0	0
Imbituba                      	0             0          0	0	0	0	0	0	0	0	0	0	0	0	0             0             0	0	0	0	0	0	0	0	0	0	0	0	0	3	0	0	0	0	0	0	0	0	0	0	0	0	0	0	0	0	0	0	0	0	0	0
Jaguaruna                     	0             0          0	0	0	0	0	0	0	0	0	0	0	0	0             0             0	0	0	0	0	1	0	0	3	0	0	0	0	0	0	0	0	0	0	0	0	2	0	1	0	0	0	0	0	0	0	0	0	0	0	0
Laguna                           	0             0          0	0	0	0	0	0	0	0	0	0	0	0	0             0             0	0	0	0	0	0	0	0	0	0	0	0	0	0	0	0	0	0	0	0	0	0	0	0	0	0	0	0	0	0	0	0	0	0	0	0
Pedras Grandes           	0             0          0	0	0	0	0	0	0	0	0	0	0	0	0             0             0	0	0	2	0	0	0	0	0	0	0	0	0	0	0	2	0	0	0	0	0	0	0	0	0	0	0	0	0	0	0	0	0	0	0	0
Pescaria Brava              	0             0          0	0	0	0	0	0	0	0	0	0	0	0	0             0             0	0	0	0	0	0	0	0	0	0	0	0	0	0	0	0	0	0	0	0	0	0	0	0	0	0	0	0	0	0	0	0	0	0	0	0
Rio Fortuna                  	0             0          0	0	0	0	0	0	0	0	0	0	0	0	0             0             0	0	0	0	0	0	0	0	0	0	0	0	0	0	0	0	0	0	0	0	0	0	0	0	0	0	1	0	0	0	0	0	0	0	0	0
Sangão                         	0             0          0	0	0	0	0	0	0	0	0	0	0	0	0             0             0	0	0	0	0	0	0	0	0	0	0	0	0	0	0	0	0	0	0	0	0	0	0	0	0	0	0	0	0	0	0	0	0	0	0	0
Santa Rosa de Lima     	0             0          0	0	0	0	0	0	0	0	0	0	0	0	0             0             0	0	0	0	0	0	0	0	0	0	0	0	0	0	0	0	0	0	0	0	0	0	0	0	0	0	0	0	0	0	0	0	0	0	0	0
São Ludgero                	0             0          0	0	0	0	0	0	0	0	0	0	0	0	0             0             0	0	0	0	0	0	0	0	0	0	0	0	0	0	0	0	0	0	0	0	0	0	0	0	0	0	0	0	0	1	0	0	0	1	0	0
São Martinho               	0             0          0	0	0	0	0	0	0	0	0	0	0	0	0             0             0	0	0	0	0	0	0	0	0	0	0	0	0	0	0	0	0	0	0	0	0	0	0	0	0	0	0	0	0	0	0	0	0	0	0	0
Treze de Maio              	0             0          0	0	0	0	0	0	0	0	0	0	0	0	0             0             0	0	0	0	0	0	0	0	0	0	0	0	0	0	0	0	0	0	0	0	0	0	0	0	0	0	0	0	0	0	0	0	0	0	0	0
Tubarão                      	0             0          0	0	0	0	0	0	0	0	0	0	0	0	0             0             0	1	0	0	0	0	0	0	0	0	0	0	0	0	0	0	0	0	0	0	0	0	0	0	0	0	0	0	0	0	0	0	0	0	0	0
TOTAL	0	1	0	0	0	0	0	0	0	0	0	0	0	1	0	2	0	1	0	0	3	0	0	0	0	3	0	2	0	3	0	0	0	3	0	1	0	3	1	0	0	4	0	1	0	2	0	0
Videira 																																																
Arroio Trinta                	0             0          0	0	0	0	0	1	0	2	0	0	0	0	0             0             0	0	0	0	0	0	0	0	0	0	0	3	0	0	0	1	0	0	0	0	0	0	0	0	0	0	0	0	0	1	0	0	0	0	0	0
Caçador                   	0             0          0	0	2	3	0	0	0	1	0	0	1	1	0             0             0	1	1	4	0	0	0	0	0	0	0	0	0	2	0	0	0	0	0	4	0	2	1	0	0	1	0	0	0	2	0	1	0	0	0	0
Calmon                       	0             0          0	0	0	0	0	0	0	0	0	0	0	0	0             0             0	0	0	0	0	0	0	0	0	0	0	0	0	0	0	0	0	0	0	0	0	0	0	0	0	0	0	0	0	0	0	0	0	0	0	0
Curitibanos                  	0             0          0	0	0	0	0	0	0	0	0	0	0	0	0             0             0	0	0	0	0	0	0	0	0	0	0	0	0	0	0	0	0	0	0	0	0	0	0	0	0	0	0	0	0	0	0	0	0	0	0	0
Fraiburgo                   	0             0          0	0	0	0	0	0	0	0	0	0	0	0	1	0	1	0	0	0	0	0	0	1	0	0	0	0	0	0	0	0	0	0	0	1	0	0	0	0	0	0	0	2	0	0	0	1	0	0
Frei Rogério                 	0             0          0	0	0	0	0	0	0	0	0	0	0	0	0             0             0	0	0	0	0	0	0	0	0	0	0	0	0	0	0	0	0	0	0	0	0	0	0	0	0	0	0	0	0	0	0	0	0	0	0	0
Iomerê                          	0             0          0	0	0	0	0	0	0	0	0	0	0	0	0             0             0	0	0	0	0	0	0	0	0	0	0	0	0	0	0	0	0	0	0	0	0	0	0	0	0	0	0	0	0	0	0	0	0	1	0	0
Lebon Régis                  	0             0          0	0	0	0	0	0	0	0	0	0	0	0	0             0             0	0	0	0	0	0	0	0	0	0	0	0	0	0	0	0	0	0	0	0	0	0	0	0	0	0	0	0	0	0	0	0	0	0	0	0
Macieira                     	0             0          0	0	0	0	0	0	0	0	0	0	0	0	0             0             0	0	0	0	0	1	0	0	0	0	0	0	0	0	0	0	0	0	0	0	0	0	0	0	0	0	0	0	0	1	0	0	0	0	0	0
Matos Costa                	0             0          0	0	0	0	0	0	0	0	0	0	0	0	0             0             0	0	0	0	0	0	0	0	0	0	0	0	0	0	0	0	0	0	0	0	0	0	0	0	0	0	0	0	0	0	0	0	0	0	0	0
Pinheiro Preto           	0             0          0	0	0	0	0	0	0	0	0	0	0	0	0             0             0	0	0	0	0	0	0	0	0	0	0	0	0	0	0	0	0	0	0	0	0	0	0	0	0	0	0	0	0	0	0	0	0	0	0	0
Ponte Alta do Norte   	0             0          0	0	0	0	0	0	0	0	0	0	0	0	0             0             0	0	0	0	0	0	0	0	0	0	0	0	0	0	0	0	0	0	0	0	0	0	0	0	0	0	0	0	0	0	0	0	0	0	0	0
Rio das Antas             	0             0          0	0	0	0	0	0	0	0	0	2	0	0	0             0             0	0	0	0	0	0	0	0	0	0	0	0	0	0	0	0	0	0	0	0	0	1	0	0	0	0	1	0	0	0	0	0	0	0	0	0
Salto Veloso                	0             0          0	0	0	0	0	0	0	0	0	0	0	0	0             0             0	0	0	0	0	0	0	0	0	0	0	0	0	0	0	0	0	0	0	0	0	0	0	1	0	0	0	0	0	0	0	0	0	0	0	0
Santa Cecília               	0             0          0	0	0	0	0	0	0	0	0	0	0	0	0             0             0	0	0	0	0	0	0	0	0	0	0	0	0	0	0	0	0	0	0	0	0	0	0	0	0	0	0	0	0	0	0	0	0	0	0	0
São Cristóvão do Sul  	0             0          0	0	0	0	0	0	0	0	0	0	0	0	0             0             0	0	0	0	0	0	0	0	0	0	0	0	0	0	0	0	0	0	0	0	0	0	0	0	0	0	0	0	0	0	0	0	0	0	0	0
Tangará                        	0             0          0	0	0	0	0	0	0	0	0	0	0	0	0             0             0	0	0	0	0	0	0	0	0	0	0	0	0	0	0	0	0	0	0	0	0	0	0	0	0	0	0	0	0	0	0	0	0	0	0	0
Timbó Grande             	0             0          0	0	0	0	0	0	0	0	0	0	0	0	0             0             0	0	0	0	0	0	0	0	0	0	0	0	0	0	0	0	0	0	0	0	0	2	0	0	0	0	0	0	0	0	0	0	0	0	0	0
Videira                     	0             0          0	2	0	2	0	0	0	1	0	0	0	0	0             0             0	0	0	0	0	0	0	0	0	0	0	0	0	0	0	0	0	0	0	0	0	0	0	0	0	6	0	0	0	0	0	0	0	0	0	0
TOTAL	0	2	2	5	0	1	0	4	0	2	1	1	1	1	2	4	0	1	0	0	0	1	0	3	0	2	0	1	0	0	0	4	0	6	1	1	0	7	1	0	0	6	0	1	0	2	0	0
Xanxerê     																																																
Abelardo Luz                       	0             0          0	0	0	0	0	0	0	7	0	0	0	16	0             0             0	0	0	2	0	0	0	0	0	0	0	2	0	0	0	1	0	0	0	3	0	0	0	2	0	0	0	6	0	0	0	0	0	0	0	0
Bom Jesus                            	0             0          0	0	0	0	0	0	0	0	0	0	0	0	0             0             0	0	0	0	0	0	0	0	0	0	0	0	0	0	0	0	0	0	0	0	0	0	0	0	0	0	0	0	0	0	0	0	0	0	0	0
Campo Erê                           	0             0          0	0	0	0	0	1	0	0	0	0	0	0	0             0             0	0	0	0	0	0	0	0	0	0	0	0	0	0	0	0	0	0	0	0	0	0	0	0	0	0	0	0	0	0	0	0	0	0	0	0
Coronel Martins                	0             0          0	0	0	0	0	0	0	0	0	0	0	0	0             0             0	0	0	0	0	0	0	0	0	0	0	0	0	0	0	0	0	0	0	0	0	0	0	0	0	0	0	0	0	0	0	0	0	0	0	0
Entre Rios                            	0             0          0	0	0	0	0	0	0	0	0	0	0	0	0             0             0	0	0	0	0	0	0	0	0	0	0	0	0	0	0	0	0	0	0	0	0	0	0	0	0	0	0	0	0	0	0	0	0	0	0	0
Faxinal dos Guedes          	0             0          0	0	0	0	0	0	0	0	0	1	0	0	1	1	0	1	0	1	0	0	0	0	0	0	0	0	0	0	0	0	0	0	0	0	0	0	0	1	0	0	0	0	0	0	0	0	0	0
Galvão                                  	0             0          0	0	0	0	0	0	0	0	0	0	0	0	0             0             0	0	0	0	0	0	0	0	0	0	0	0	0	0	0	0	0	0	0	0	0	0	0	0	0	0	0	0	0	0	0	0	0	0	0	0
Ipuaçú                                  	0             0          0	0	0	0	0	0	0	0	0	0	0	1	0             0             0	0	0	0	0	0	0	0	0	0	0	0	0	0	0	0	0	0	0	0	0	0	0	0	0	0	0	1	0	0	0	0	0	0	0	0
Jupiá                                    	0             0          0	0	0	0	0	0	0	0	0	0	0	0	0             0             0	0	0	0	0	0	0	0	0	0	0	0	0	0	0	0	0	0	0	0	0	0	0	0	0	0	0	0	0	0	0	0	0	0	0	0
Lajeado Grande                 	0             0          0	0	0	0	0	0	0	0	0	0	0	0	0             0             0	0	0	0	0	0	0	0	0	0	0	0	0	0	0	0	0	0	0	0	0	0	0	0	0	0	0	0	0	0	0	0	0	0	0	0
Marema                               	0             0          0	0	0	0	0	0	0	1	0	0	0	0	0             0             0	0	0	0	0	0	0	0	0	0	0	0	0	0	0	0	0	0	0	0	0	0	0	0	0	0	0	0	0	0	0	0	0	0	0	0
Novo Horizonte                 	0             0          0	0	0	0	0	0	0	0	0	0	0	0	0             0             0	0	0	0	0	0	0	0	0	0	0	0	0	0	0	0	0	0	0	0	0	0	0	0	0	0	0	0	0	0	0	0	0	0	0	0
Ouro Verde                         	0             0          0	0	0	0	0	0	0	0	0	0	0	0	0             0             0	0	0	0	0	0	0	0	0	0	0	0	0	0	0	0	0	0	0	0	0	0	0	0	0	0	0	0	0	0	0	0	0	0	0	0
Passos Maia                       	0             0          0	0	0	0	0	0	0	0	0	0	0	0	0             0             0	0	0	0	0	0	0	0	0	0	0	0	0	0	0	0	0	0	0	0	0	0	0	0	0	0	0	0	0	0	0	0	0	0	0	0
Ponte Serrada                    	0             0          0	0	0	0	0	0	0	1	0	0	0	0	0             0             0	0	0	0	0	0	0	0	0	0	0	0	0	0	0	0	0	0	0	0	0	0	0	1	0	0	0	0	0	0	0	0	0	0	0	0
São Bernadino                   	0             0          0	0	0	0	0	0	0	0	0	0	0	0	0             0             0	0	0	0	0	0	0	0	0	0	0	0	0	0	0	0	0	0	0	0	0	0	0	0	0	0	0	0	0	0	0	0	0	0	0	0
São Domingos                    	0             0          0	0	0	0	0	0	0	0	0	0	0	0	0             0             0	0	0	0	0	0	0	0	0	0	0	0	0	0	0	0	0	0	0	0	0	2	0	0	0	0	0	0	0	0	0	0	0	0	0	0
São Lourenço do Oeste   	0             0          0	0	0	0	0	0	0	0	0	0	0	0	0             0             0	0	0	0	0	0	0	0	0	0	0	0	0	0	0	0	0	0	0	0	0	0	0	0	0	0	0	0	0	0	0	0	0	0	0	0
Vargeão                              	0             0          0	0	0	0	0	0	0	0	0	0	0	0	0             0             0	0	0	0	0	0	0	0	0	0	0	0	0	0	0	0	0	0	0	0	0	0	0	0	0	0	0	0	0	0	0	0	0	0	0	0
Xanxerê                             	0             0          0	0	0	0	0	0	0	0	0	0	0	0	0             0             0	3	0	0	0	0	0	0	0	0	0	0	0	0	0	0	0	0	0	0	0	0	0	0	0	0	0	0	0	0	0	0	0	0	0	0
Xaxim                                	0             0          0	0	0	0	0	0	0	1	0	0	0	0	0             0             0	0	0	0	0	0	0	0	0	0	0	0	0	0	0	0	0	0	0	0	0	0	0	0	0	0	0	0	0	0	0	0	0	0	0	0
TOTAL	0	0	0	0	0	1	0	10	0	1	0	17	1	4	0	3	0	1	0	0	0	0	0	2	0	0	0	1	0	0	0	0	0	2	0	2	0	1	0	7	0	0	0	0	0	0	0	0
TOTAL GERAL	0	55	22	117	1	62	5	130	1	36	20	72	4	44	19	66	0	120	4	30	3	30	10	76	0	18	10	41	0	9	14	0	0	43	22	0	0	57	12	0	0	88	7	0	0	0	0	0
